AURORA_TOKEN=deadbeef
AURORA_HOST=10.0.0.10
AURORA_PORT=16021
LAT=37.807771
LONG=-122.265145
