ACCESS_TOKEN=deadbeef
HOST=example.com
PORT=16021
LAT=37.807771
LONG=-122.265145
